5432345678989998934579789765459876765467892399767954567893212987898410456789329876710145678998765432
6754656789879987899698678954398765452356953989654543456789329876987321345697634965431236989239879321
9865769898767656798979567893249876321257899878653432568996499865696534456789549876542345892125998945
5976778999656545987665456799345985432348989965432101457897989879987876567998756987656456789234987899
4987889998945439876567344678969876543489879876543212345689878998998997688959987998966567897649876798
3298998987832123965432123499999989865678967989654346896893567897899989789543998999878689998799965457
9989867896543239876321014989989595978789656998767567998932456956912978997659899987989789459987654346
8678456789656798765432199878879434989892546799987678979321767899899767998798789876699892398996543212
6532349898767899878543987654568923996921234789898889765433479998765656899987698765459921987987652101
6431239929898910989654598743478919875210145698789999876764989999854345678965439999568939875498778212
5310128939969899699875689654569101964321234989654321997875678979865234569654323987679198764398765323
6542337898656798569989798765678999875432349876543210398876799569954358978943212398789098963239765434
7653456789545987458999899898789989876565489988974341239987965498765467899954101459894987656145978565
9874567897639876567899999979899876987676679999765632545698954349876978979876532345993496541034797678
8765678999545987978978998765989765698989998999876784678999983242987989765989673456789987632123698789